-5.167034 -4.543736 -5.724040
-4.919686 -4.296016 -5.391954
-4.671988 -4.048800 -5.039055
-4.464971 -3.840933 -4.735310
-4.295953 -3.667317 -4.474477
-4.154808 -3.519592 -4.249614
-4.035086 -3.390741 -4.053717
-3.931542 -3.277542 -3.881832
-3.841189 -3.177082 -3.729579
-3.760612 -3.085842 -3.593743
-3.687060 -3.001497 -3.470388
-3.618637 -2.922401 -3.355803
-3.554352 -2.847294 -3.246795
-3.492906 -2.774011 -3.143024
-3.433243 -2.701382 -3.044208
-3.375170 -2.628122 -2.950188
-3.319031 -2.554798 -2.859023
-3.264220 -2.481978 -2.770651
-3.209731 -2.409844 -2.684968
-3.155250 -2.339946 -2.602775
-3.100357 -2.273882 -2.524026
-3.044549 -2.212149 -2.449496
-2.987975 -2.154324 -2.379196
-2.930260 -2.100021 -2.313390
-2.872522 -2.048826 -2.252243
-2.815058 -1.999991 -2.195748
-2.757925 -1.952861 -2.143030
-2.702170 -1.906377 -2.092301
-2.648618 -1.859687 -2.043169
-2.597327 -1.812532 -1.995190
-2.548494 -1.764910 -1.947567
-2.501910 -1.717399 -1.900556
-2.457128 -1.670201 -1.854352
-2.413324 -1.624185 -1.809652
-2.370153 -1.580050 -1.765996
-2.327782 -1.538233 -1.723278
-2.286813 -1.499136 -1.681796
-2.248238 -1.462940 -1.641879
-2.212929 -1.429313 -1.603583
-2.181240 -1.397677 -1.566625
-2.153100 -1.367134 -1.530934
-2.128177 -1.337066 -1.496522
-2.105774 -1.306934 -1.463474
-2.085083 -1.276600 -1.431529
-2.065359 -1.246312 -1.400668
-2.046069 -1.216015 -1.370641
-2.026887 -1.185764 -1.341427
-2.007676 -1.155529 -1.313361
-1.988495 -1.125520 -1.286267
-1.969134 -1.096122 -1.260008
-1.949394 -1.067957 -1.234384
-1.929224 -1.041237 -1.209237
-1.908873 -1.016505 -1.184852
-1.888409 -0.993482 -1.161652
-1.867844 -0.971978 -1.139891
-1.847088 -0.951183 -1.119655
-1.826004 -0.930233 -1.100823
-1.804410 -0.908687 -1.083356
-1.782212 -0.886161 -1.067407
-1.759556 -0.862692 -1.053078
-1.736531 -0.838320 -1.039893
-1.713460 -0.813640 -1.027321
-1.690611 -0.789323 -1.014795
-1.667951 -0.765898 -1.001906
-1.645241 -0.743402 -0.988521
-1.622526 -0.721887 -0.974768
-1.599856 -0.701536 -0.960404
-1.577132 -0.682500 -0.945494
-1.554316 -0.664555 -0.930712
-1.531398 -0.647301 -0.915854
-1.508103 -0.630183 -0.900297
-1.484350 -0.612709 -0.883723
-1.460312 -0.594552 -0.866662
-1.436178 -0.575618 -0.849217
-1.411967 -0.556184 -0.831242
-1.387737 -0.536534 -0.813086
-1.363645 -0.517105 -0.795031
-1.339828 -0.497848 -0.776861
-1.316207 -0.478765 -0.758311
-1.292752 -0.459708 -0.739098
-1.269527 -0.440638 -0.719026
-1.246366 -0.421606 -0.697713
-1.223231 -0.402639 -0.674970
-1.200369 -0.383701 -0.650500
-1.177666 -0.364783 -0.624157
-1.155126 -0.345983 -0.595804
-1.132698 -0.327616 -0.565215
-1.110619 -0.309647 -0.532996
-1.089027 -0.291989 -0.499727
-1.067782 -0.274556 -0.465835
-1.046804 -0.257322 -0.431958
-1.026171 -0.240295 -0.398790
-1.006066 -0.223364 -0.366690
-0.986655 -0.206394 -0.335954
-0.967956 -0.189258 -0.306666
-0.949987 -0.171815 -0.278495
-0.932769 -0.154026 -0.251122
-0.916496 -0.135855 -0.224143
-0.900980 -0.117141 -0.197454
-0.886033 -0.097976 -0.171197
-0.871497 -0.078446 -0.145734
-0.857221 -0.058688 -0.120750
-0.842990 -0.039027 -0.096044
-0.828727 -0.019665 -0.071528
-0.814447 -0.000669 -0.047211
-0.800066 0.018119 -0.023285
-0.785466 0.036789 -0.000056
-0.770542 0.055476 0.022083
-0.755195 0.074331 0.042889
-0.739331 0.093896 0.062091
-0.722933 0.114343 0.079338
-0.706003 0.135572 0.094797
-0.688591 0.157322 0.108761
-0.670719 0.179372 0.121512
-0.652428 0.201475 0.133273
-0.633760 0.223448 0.144411
-0.614704 0.244954 0.155321
-0.595266 0.266079 0.166033
-0.575476 0.286996 0.176556
-0.554926 0.307733 0.186835
-0.533265 0.328236 0.197084
-0.510189 0.348143 0.207510
-0.485787 0.367159 0.218240
-0.460222 0.385176 0.229288
-0.433984 0.402089 0.240664
-0.407591 0.417889 0.252363
-0.381458 0.432598 0.264618
-0.356100 0.446257 0.277617
-0.331895 0.458957 0.291568
-0.309212 0.470873 0.306631
-0.288034 0.482293 0.322930
-0.268413 0.493370 0.340182
-0.250463 0.504197 0.358071
-0.234068 0.514702 0.376132
-0.219084 0.524931 0.394364
-0.205392 0.535135 0.412556
-0.192796 0.545639 0.430415
-0.180880 0.556597 0.447657
-0.169255 0.568148 0.464055
-0.157648 0.580571 0.479626
-0.145778 0.593787 0.494198
-0.133991 0.607794 0.507694
-0.122448 0.622734 0.520296
-0.111367 0.638757 0.532189
-0.100946 0.656015 0.543568
-0.091056 0.674690 0.554778
-0.081723 0.694982 0.566020
-0.072931 0.717306 0.577366
-0.064627 0.741380 0.588883
-0.056690 0.767223 0.600751
-0.049016 0.794970 0.613268
-0.041328 0.824699 0.626564
-0.033645 0.856618 0.640776
-0.026036 0.890827 0.656022
-0.018484 0.926805 0.672471
-0.010864 0.964057 0.690301
-0.003049 1.002098 0.708936
0.005156 1.040181 0.727785
0.014078 1.077677 0.746726
0.023811 1.113901 0.765466
0.034428 1.148267 0.783787
0.045970 1.180445 0.801473
0.058565 1.210157 0.818394
0.072281 1.237220 0.834288
0.087374 1.261360 0.849136
0.104331 1.282944 0.862760
0.123512 1.302254 0.875112
0.144900 1.319588 0.886355
0.168014 1.335376 0.896465
0.192529 1.349898 0.905796
0.218383 1.363538 0.914719
0.245769 1.376637 0.923622
0.274630 1.389256 0.932897
0.304847 1.401402 0.942820
0.335841 1.413060 0.953684
0.366951 1.424154 0.965438
0.397589 1.434715 0.978024
0.427185 1.444805 0.991484
0.455452 1.454492 1.005772
0.482111 1.463601 1.020839
0.506946 1.471818 1.036709
0.529708 1.479017 1.053294
0.550262 1.485213 1.070329
0.568834 1.490457 1.087603
0.585827 1.494805 1.104895
0.601600 1.498637 1.122040
0.616308 1.502341 1.138934
0.630132 1.505913 1.155467
0.643362 1.509224 1.171167
0.656330 1.512672 1.185620
0.669414 1.516684 1.198314
0.682835 1.521691 1.209240
0.696617 1.528126 1.218304
0.710962 1.536201 1.225407
0.726040 1.546195 1.230310
0.742004 1.558627 1.232965
0.759105 1.574052 1.233753
0.777419 1.592656 1.233061
0.796769 1.614014 1.231470
0.816920 1.637727 1.229600
0.837608 1.663204 1.227787
0.858602 1.690063 1.226391
0.879762 1.718184 1.225583
0.900985 1.747100 1.225538
0.921996 1.776333 1.226236
0.942496 1.805213 1.227600
0.962179 1.833145 1.229683
0.980573 1.859887 1.232538
0.997237 1.885162 1.236429
1.012389 1.909034 1.241553
1.026228 1.931671 1.248187
1.039130 1.953307 1.256451
1.051501 1.974198 1.266475
1.063641 1.994517 1.278093
1.075877 2.014385 1.291484
1.088910 2.033888 1.306844
1.103394 2.053141 1.324386
1.119881 2.072364 1.344341
1.138216 2.091826 1.366961
1.157849 2.111236 1.391873
1.178307 2.130286 1.418883
1.199065 2.148724 1.447616
1.219968 2.166289 1.477608
1.240885 2.182970 1.508169
1.261671 2.198725 1.538716
1.282038 2.213706 1.568823
1.302243 2.228136 1.597823
1.322499 2.242146 1.625030
1.342997 2.255670 1.649494
1.363668 2.268363 1.670879
1.384310 2.280169 1.689228
1.404702 2.291306 1.704680
1.424933 2.301880 1.717836
1.445413 2.311987 1.729314
1.466685 2.321967 1.739507
1.489126 2.332245 1.748897
1.513180 2.343204 1.758357
1.539344 2.355566 1.768867
1.567849 2.369641 1.780831
1.598865 2.386070 1.794878
1.632558 2.405592 1.811610
1.669518 2.429207 1.831759
1.710152 2.457672 1.856906
1.754964 2.491428 1.888093
1.804642 2.531046 1.925812
1.859938 2.577067 1.970569
1.921739 2.630262 2.022797
1.991312 2.691477 2.082796
2.069699 2.761903 2.150908
2.158267 2.842641 2.227960
2.258858 2.934747 2.315592
2.373011 3.039203 2.415647
2.502229 3.157865 2.529491
2.648038 3.292521 2.657734
2.811536 3.444221 2.801397
2.991074 3.611201 2.958505
